Start:

[1, 1, 1, 0, 1, 2, 2, 1, 1, 2, 2, 2, 2],
[0, 2, 2, 2, 2, 2, 0, 0, 1, 0, 0, 0, 1],
[0, 1, 1, 1, 1, 2, 2, 2, 2, 2, 2, 1, 1],
[0, 1, 2, 1, 1, 0, 0, 0, 1, 0, 0, 0, 1]


Step 1:
Remove definite trio

[0, 0, 0, 0, 1, 2, 2, 1, 1, 2, 2, 2, 2],
[0, 2, 2, 2, 2, 2, 0, 0, 1, 0, 0, 0, 1],
[0, 1, 1, 1, 1, 2, 2, 2, 2, 2, 2, 1, 1],
[0, 1, 2, 1, 1, 0, 0, 0, 1, 0, 0, 0, 1]


Step 2:
Identify next pivot, (3,2) as it has value 2 but can only form 1 run thus it must form a group as well, and as the column only has 3 entries it is definite

[0, 0, 0, 0, 1, 2, 2, 1, 1, 2, 2, 2, 2],
[0, 2, 1, 2, 2, 2, 0, 0, 1, 0, 0, 0, 1],
[0, 1, 0, 1, 1, 2, 2, 2, 2, 2, 2, 1, 1],
[0, 1, 1, 1, 1, 0, 0, 0, 1, 0, 0, 0, 1]


Step 3:
We have a new definite trio pivoting on (2,1)

[0, 0, 0, 0, 1, 2, 2, 1, 1, 2, 2, 2, 2],
[0, 1, 1, 2, 2, 2, 0, 0, 1, 0, 0, 0, 1],
[0, 0, 0, 1, 1, 2, 2, 2, 2, 2, 2, 1, 1],
[0, 0, 1, 1, 1, 0, 0, 0, 1, 0, 0, 0, 1]


Step 4:
We have a new definite trio pivoting on (3,2)

[0, 0, 0, 0, 1, 2, 2, 1, 1, 2, 2, 2, 2],
[0, 1, 1, 2, 2, 2, 0, 0, 1, 0, 0, 0, 1],
[0, 0, 0, 1, 1, 2, 2, 2, 2, 2, 2, 1, 1],
[0, 0, 0, 0, 0, 0, 0, 0, 1, 0, 0, 0, 1]

These are all the decideable steps